<?xml version="1.0"?>
<opencv_storage>
<FocalLengthX>1741.9586488149253</FocalLengthX>
<FocalLengthY>1741.4066858865958</FocalLengthY>
<CenterX>985.3173047526013</CenterX>
<CenterY>610.6275753524933</CenterY>
<BaseLine>0.2122111542368276</BaseLine>
<Height>1.86000</Height>
<Tilt>0.031276</Tilt>
</opencv_storage>
